# Created by Octave 5.2.0, Wed Feb 05 15:25:17 2020 GMT <unknown@DESKTOP-F01DIT1>
# name: V
# type: matrix
# rows: 4
# columns: 2
 1 1
 1 1
 1 1
 1 1


