# Created by Octave 5.2.0, Fri Feb 07 16:48:26 2020 GMT <unknown@DESKTOP-F01DIT1>
# name: Y
# type: matrix
# rows: 4
# columns: 1
 460
 232
 315
 178


