# Created by Octave 5.2.0, Fri Feb 07 16:47:55 2020 GMT <unknown@DESKTOP-F01DIT1>
# name: X
# type: matrix
# rows: 4
# columns: 5
 1 2104 5 1 45
 1 1416 3 2 40
 1 1534 3 2 30
 1 852 2 1 36


